0.40987503456883045
0.6416174039772029
0.05548024329317802
0.3771997249896084
0.07713722385921806
0.12612459662957942
0.12251001947884266
0.19561118032272518
0.17335857721972214
0.15116515115961193
0.028930058944606207
0.29738965206668055
0.03799244696092785
0.04752232536735046
0.14134407228306145
0.10663543556632438
0.016238779508800816
0.07249453800222239
0.21815371152276475
0.07737567205447471
0.3512464285149155
0.061314659787111925
0.03242264088794777
0.1856675010179365
0.46273918622256316
0.2624000310536787
0.014418605012306074
0.1780520844351816
0.3097502700963375
0.023830866365378345
0.34272271205202376
0.24014345348938937
0.02166040812232528
0.5693952861727476
0.051304620287387026
0.23678767534179967
0.011459110431103925
0.3413339890349578
0.011860189382744135
0.008577118350877821
0.7088792919977847
0.04995402230180401
0.15149689726345716
0.0551905560291468
0.05079713414775999
0.21972956489913642
0.060882105629376904
0.12913249979322527
0.006661650770585892
0.07975612017067713
0.42073820206240664
0.0006211938212297152
0.23294527621469752
0.04403788218009952
0.24189229629383213
0.011116662486184925
0.1425895458127946
0.5118518693009053
0.17591074303943444
0.13856641757162746
0.11643686386391061
0.12491227986963138
0.12429141563024704
0.028625059645537743
0.02066055863955829
0.38837978771200166
0.01869135009248657
0.01302210851901342
0.18196987063309344
0.21763659409207303
0.21315162708575808
0.04427410953602018
0.1278736680572954
0.021523076374527994
0.5265711052251683
0.015657053101661766
0.014909222050603743
0.098093158711273
0.6684494707032136
0.20973223412136943
0.12058497832772175
0.17388155546289052
0.5004513044626098
0.027091069410707158
0.14148795611134157
0.013931973760510807
0.23870906969396266
0.011465102635614732
0.10904413234117794
0.08163046917205419
0.02889995586964056
0.3857633211677274
0.1266606584725376
0.10813220154657954
0.2725420140751813
0.07205711132798132
0.07107506789144069
0.2631128159224114
0.02122023239239068
0.2171556151177787
0.43481807981416365
0.5402207444554297
0.05504916654408687
0.24080915006072368
0.055743504663755106
0.10648824714554883
0.1686458581327661
0.020461930468246292
0.013569492229075886
0.2899938010436265
0.06777470819569231
0.05450425561888972
0.16320777556403443
0.06535562530205885
0.18158768558915006
0.055375318396058804
0.16866734704572028
0.13797131892213677
0.3578135635785822
0.21154756251260065
0.04414013908977599
0.23839383340712939
0.07198744893823217
0.198163249530809
0.2345153124248629
0.4965285756340019
0.014302929119971886
0.04569117132047551
0.18336959726502555
0.06158398987711289
0.41389910521184503
0.25518996341321953
0.1597268487989123
0.002306784523689487
0.58926329300712
0.029124016109909556
0.15704940173813364
0.14759689227005168
0.30197621166150546
0.02261074790026618
0.08541323645342036
0.13867374613567973
0.5230700001824999
0.09240354911186688
0.11568743593900299
0.2804288928941534
0.2747964467919952
0.34228671511359576
0.18603501182916893
0.5796202431813009
0.013947489739721375
0.015059378365771758
0.14797756537312856
0.7544955157523521
0.16200187246011444
0.06936743811606694
0.16886499150535417
0.051554280278417464
0.09509157799259715
0.023893659475502815
0.019202828173396025
0.36077215304376486
0.2671658792497633
0.06947192606783026
0.20777545652704177
0.5595284241906784
0.013139760344540452
0.09544243927396501
0.0176710214662279
0.20108584402498808
0.33773059322984156
0.18039367849626475
0.08198455001942362
0.036515780993482405
0.19841300068450307
0.07775586986523142
0.8360882696347949
0.11225514921267221
0.2785459859983124
0.03820366222746352
0.1889622786683336
0.12085571082794067
0.27452958966039165
0.18941181102680282
0.23503614797092554
0.13495465797057915
0.6066494495583927
0.41178515625822754
0.565846631518296
0.0982485622349103
0.12673205996099068
0.0011923205048769425
0.028133528413990527
0.04888639828814134
0.31719326156448324
0.4015166429146324
0.04136908253763427
0.01573449766956947
0.3298341927788466
0.07562515908420608
0.16563032664391852
0.1094216953526077
0.053985768940388645
0.7057876282596465
0.1530832578828074
0.03706068375166782
0.0530657712645326
0.2837965663700659
0.2672117482608929
0.20792479649054507
0.10469900817174871
0.45913647446234207
0.17447912306623703
0.409393455591049
0.09997740551054335
0.2103199991924667
0.09799616887310725
0.3031397294640934
0.15485072309129033
0.0768982135020948
0.2331350422526055
0.07864725587862931
0.16440624040365792
0.015081698452577896
0.1637730804639841
0.2534235779223102
0.04650423178149854
0.6958939332632041
0.2088134700814277
0.3138193714143125
0.35144368065405995
0.3133620786672304
0.08066523162964634
0.09351691586959743
0.09724423280963146
0.1974014498836585
0.10004230417053872
0.022153979628592113
0.09121182801840733
0.20143449767913402
0.07694286424431374
0.33273622274701053
0.05633050420810104
0.23761226247234069
0.3613473927183004
0.11018654392257843
0.023013166017631814
0.14512074937316566
0.5028564430611635
0.014683691303725155
0.5178194932683424
0.5609277419090062
0.027857360905719997
0.15505719271287344
0.11101084076461198
0.23286239051335533
0.017373566368783067
0.022996624830019963
0.11105114813485728
0.619779075257356
0.07978173554032142
0.009685762264775688
0.15900088354641362
0.09996391711102093
0.22211348153936816
0.05460651887795853
0.18000829583539968
0.4817948945063564
0.03321368607041242
0.032433822620755004
0.12579494566389782
0.008633462343500486
0.33157124984739905
0.10148982020731312
0.02761127331358426
0.14650994835619957
0.15643043504746346
0.11972025318555102
0.17065342556353547
0.020922566545432897
0.13264538306505558
0.3050222991780054
0.03455877569802679
0.12239401514926551
0.7252255401844696
0.036689380078677836
0.7327073719368626
0.11691757326322594
0.4325042371476917
0.19953638268268015
0.14184769890013738
0.2752007269550356
0.1124282766438216
0.22973339535597814
0.06202141441008591
0.1741984496393274
0.3778313064259813
0.15879809616389373
0.29324837781583235
0.1273401758724384
0.005904921742252656
0.07376229201216433
0.17638883013443962
0.016948597484413686
0.06478642655619282
0.17620147407431963
0.23479484263210426
0.02124690732331902
0.1454829369306958
0.4682278012519756
0.1429537666142191
0.07867260535662202
0.21108960545156097
0.32996291209946516
0.001085295605158576
0.07241469565378322
0.046157465059441405
0.3447936025669718
0.13347912692226305
0.5567961130909402
0.05745465420968321
0.28531234528070537
0.11531347576159567
0.03785186295256904
0.0420968720058057
0.013519433742336329
0.12727608087895415
0.01649739796235239
0.0054622219192808075
0.04487756910336316
0.08604100854557006
0.0434047099038537
0.48381059635264534
0.11413108840389108
0.2633683180647619
0.012479639369149087
0.024265057571963622
0.35716522895331915
0.009895389749554173
0.12121042471614163
0.09501775828806425
0.06453815865153811
0.3646003730729923
0.04907113184208156
0.0706691281023375
0.18718797807107945
0.030931298364484716
0.15506179594439096
0.43409365636108577
0.2961789115309479
0.2042534296047558
0.08693401779224885
0.2887302901887123
0.20169412576933965
0.05423270643722322
0.0720483125264888
0.04514720362278202
0.2726462492947457
0.01019001913737383
0.254284551449367
0.04225878342398337
0.12689064186562704
0.10459540334817019
0.2807588532722476
0.08076459133542668
0.1500993585347632
0.35352272419837183
0.027298892588239365
0.19179055091014474
0.8183557046716363
0.03549603979008342
0.04405730641488481
0.10709778693760219
0.26615749714196735
0.012083353055950319
0.315621710388734
0.10104011012798941
0.139930774661853
0.15284847513071997
0.09552915587238364
0.12177392968222933
0.5645187441397796
0.28224239514570737
0.014084337008385406
0.51515098379467
0.09970683354634424
0.6012734618738818
0.5636524168731962
0.19482216493279547
0.3838517003678452
0.22234212033231304
0.04870790475728248
0.16120964509386426
0.007888009349033887
0.16935076082489853
0.023334985939873043
0.5283452278877403
0.25569067475616114
0.16683868051827955
0.18553284484611066
0.17286935324756114
0.04280019950570568
0.3215359128433344
0.07463339085347243
0.1033314468883837
0.04526079192526744
0.41960682141929984
0.17666083909645725
0.23211745342503787
0.18042284044023327
0.05510432061923565
0.02723309016295139
0.06634756236243078
0.021473506904117423
0.5527721747607566
0.6701111235031307
0.14314332636526683
0.2409137301723452
0.2308700280661753
0.012370828633839093
0.15121164238548812
0.26626459999077223
0.03656383671610941
0.056426779288446305
0.10074528797954341
0.011683982897006562
0.18766671086047593
0.0799501598445933
0.2683860593161087
0.13666817265324416
0.10452552651805735
0.17355595733828455
0.16366463288733368
0.23984831585134092
0.07687352048763385
0.2402559114997529
0.30101750294504415
0.013620037180584577
0.08824098843880424
0.06803020609243493
0.050059313490115276
0.29218205590935753
0.12390988662516489
0.021179396842455844
0.008478453103075712
0.10093138209437535
0.06827828261655289
0.11145532842908579
0.6971745539714083
0.029916391013494525
0.08712113953106737
0.04125966576374518
0.20065995357158584
0.2842757888466334
0.13816981214642676
0.046651394820235836
0.13574550225325632
0.2504753330304841
0.2958830319899197
0.23278672678214885
0.07264036920861505
0.011896445734497885
0.2875572199412235
0.627894205092959
0.5437886596965642
0.10879637024924027
0.012562291400920023
0.3261647702814998
0.18034209698941095
0.12559087683268189
0.15900845577314837
0.035094185709227066
0.015616413064140744
0.03299497900051773
0.07275641659225007
0.046571259767080875
0.14152635093568855
0.4174311390899772
0.054004473099227734
0.0620500675063409
0.09799746362246076
0.02484257026427561
0.05098286056561685
0.02146191385761642
0.27359825435089435
0.06020945504899555
0.6100906913093045
0.0051856229359501516
0.005451134739484553
0.05708110891877394
0.21997767755428543
0.42752191492343905
0.24785715538550823
0.017230802741053708
0.10872169960634026
0.0015308719964417516
0.07912636668201833
0.08510938459011541
0.14426890971392248
0.0919508238416673
0.09844879072009327
0.1732540761648207
0.2664260255776876
0.29966636157490334
0.424087548847373
0.1990442001022794
0.05517924499071136
0.45110630820273445
0.07787331275450526
0.33144941472992406
0.36239529443091434
0.08410516670175405
0.30829259630974226
0.08121449651615142
0.27273854943917897
0.07184744447363567
0.04581301630000123
0.15188877794318434
0.11352858363637508
0.23058890866920678
0.30749514109439247
0.15498111198247444
0.23343830249159248
0.4701952248032961
0.3370720845139423
0.03983152306991511
0.42939147933182475
0.06994268224838351
0.006241795086454838
0.4268356081072757
0.06185114180281093
0.06375684815086613
0.08127123992741847
0.13847908497917238
0.19534480431327328
0.024943131941601138
0.31943204289828975
0.0844272587095729
0.3935271785130614
0.3679677340971088
0.10899289194143091
0.053168527984224
0.052279825152789394
0.5233020289162573
0.015482066491379731
0.03747481462744373
0.2651825434524955
0.1308238062989291
0.10193890152253204
0.1995857812023656
0.13278537092215803
0.04805064108066026
0.8089051646228473
0.013824003156541309
0.02736499685951954
0.19830145386451936
0.006501952769932151
0.20267540150429153
0.07206626070265232
0.35660831789913705
0.3058207859500288
0.17425704762833183
0.1776258331892968
0.0015295461797102394
0.1086704948501116
0.005188757121803889
0.17366474568927903
0.21840696291342798
0.05110892283517354
0.029185468175493945
0.022189680237386877
0.3303786970309026
0.043423083928167294
0.6211694124090528
0.11312843680261042
0.20683468841332986
0.051311860402782905
0.04839359805551102
0.05125873950328019
0.03719318366607127
0.16933557493630835
0.04611345863577121
0.20515377894998887
0.36528032284789225
0.0269537875007948
0.21273551200234664
0.024449876297822692
0.0247674940039313
0.16546283170382936
0.2167937003489644
0.006015134063480643
0.24102041113186123
0.08650098837391917
0.32806619204778076
0.26103030703123586
0.002704394468826976
0.39442931286310823
0.15139046868352146
0.21488504816735277
0.033520030334872164
0.20138248803340542
0.4202664574584314
0.119115962209005
0.2542172163731904
0.15701646103452904
0.009591632854141219
0.43241813185437583
0.15356912283703195
0.1660018992862875
0.40975930602361754
0.010094649538711309
0.01805789254008472
0.5989542617312213
0.1503416932973971
0.7546942017182527
0.08728531739684464
0.05553559111730921
0.027410436796085014
0.030127866123760727
0.04554845924960427
0.288523759933893
0.4315281300098699
0.28853751163089747
0.04804760792424623
0.1554365007254661
0.23304349693023596
0.06479184158671991
0.44144783968201584
0.00675795404524715
0.13484335212894005
0.5081120783940238
0.19991913433356934
0.12870256687283366
0.032662328986643896
0.055622772337313275
0.02608632263792221
0.11885389206993002
0.04461745047437393
0.22904386681136968
0.11344799738855782
0.24799873683550944
0.2260074288948466
0.24459893580358938
0.16417001517119512
0.05180872510424006
0.046411121348945095
0.1260357746790428
0.19502835899990156
0.3001878755306975
0.46050369434274385
0.004244099888759401
0.34291726739963435
0.1315354695913693
0.6937683104726011
0.07703618383142352
0.05286450898082484
0.3850729395443351
0.0827959832054499
0.2551261299422902
0.1921030045007286
0.22361723969021385
0.11230927868525065
0.07542188103185321
0.03677234501314164
0.13465512060212737
0.14312582604104618
0.04757035924858832
0.10951760112865627
0.24785633168206433
0.2376123890676074
0.09046486424672295
0.030231069720881854
0.0364407171536143
0.02994655363839871
0.04354376351819789
0.09140762110674139
0.1861486422945018
0.0025848515365363145
0.11310932268314744
0.24276394850581418
0.020378936721125784
0.062399671774994614
0.0029269021536635353
0.07136665855987712
0.4609196639815323
0.10907179637210485
0.21728300202593043
0.12397840888009015
0.19102428700236573
0.1600906560013733
0.31257719292013664
0.023288241310682523
0.12253765429727848
0.13355145441060912
0.1106097855224002
0.1485672186023903
0.48754269644025094
0.25287531730377766
0.024516021646941777
0.13198552866640356
0.30264090669492827
0.16462440987990923
0.44281692255451643
0.5338034157177411
0.09089596604061256
0.3088779470484102
0.026449138757083768
0.24121955596999567
0.09510753514883663
0.12776151214949993
0.2165932611417134
0.01395629021732736
0.03161737532433495
0.10127355544852845
0.06305393762191591
0.12651941945551126
0.11664610780313023
0.030114267308321674
0.05809846040868294
0.22282797970416346
0.10458638936307141
0.18587267240132332
0.03297993027516544
0.3257867947066537
0.005513545866544511
0.03657706598876742
0.05914414760299658
0.2432849773814194
0.35140567797031985
0.07509321871377383
0.8658171626112643
0.07982744351667792
0.11423965972808658
0.3893982150162416
0.1619446810726184
0.21186956029964477
0.1593866462738538
0.013185924525662474
0.20537911601470138
0.14272837169296881
0.07769592185580998
0.5144227757010222
0.057924981956010146
0.25376588477123185
0.06591546741652254
0.2754993298877455
0.17749857221235454
0.14870826278072413
0.16873680363518884
0.08334407372448394
0.30773301204783166
0.00547618988242049
0.11027099048572286
0.08630607437832372
0.14687861437721184
0.14577059282712046
0.020469660304376802
0.43918821008350517
0.16817764941390845
0.05154769801254755
0.6140028444222048
0.1707321157808006
0.020052518213009574
0.010755319510734829
0.25073471751718346
0.20816255314301735
0.24916518650703612
0.4278160300688474
0.15157217045490978
0.39653145661699174
0.3329765755610987
0.5516427249561324
0.07428954594089476
0.10140238092623122
0.1647011817970716
0.08662284606863602
0.022490634000150278
0.447482890207894
0.15148853730212108
0.12481399772707791
0.05454823260704322
0.0354279664902708
0.4269501180944657
0.17531574884103018
0.09733736592647824
0.32810281459132895
0.06197837438921372
0.46412979499616247
0.09952314193426193
0.30202744033900353
0.03594168063300507
0.5074660064065555
0.22408620379314725
0.08801675664448183
0.15073487145830988
0.12070184406388784
0.25891272485896333
0.048443042502650524
0.17928870436936584
0.5115819636968031
0.2238591166936288
0.006499545868362988
0.4695313415972111
0.4710549595932618
0.08093839270507752
0.08515386167710992
0.1409365641981295
0.6510445667072069
0.22013112611137586
0.23772876384057096
0.05738411646860708
0.09247402108543734
0.24572616674906
0.2349772324406254
0.1402275893361875
0.20161634238281168
0.23723556847638072
0.3369598726292129
0.019503776766832237
0.03749518042351263
0.0002997054534976673
0.4902014598516351
0.37062718486852764
0.47886433394432415
0.062263741318372645
0.14047251455880772
0.2011124625394951
0.21555427731694943
0.04034801190219106
0.1860045931920178
0.15094200065394814
0.1024355479648118
0.319230500514196
0.15191510883004455
0.5877568646591591
0.38140436522999877
0.07089886411869983
0.011162723240621952
0.04566340650887857
0.5373492012266567
0.34318111121077655
0.16825016527478764
0.1807800969907345
0.1368009299120565
0.03987825143878565
0.03558810389554612
0.040276868182514525
0.08025711518212275
0.2585910196002177
0.14020150839130507
0.2037223346754773
0.01149252457901806
0.1874376918911398
0.17304663994682334
0.5178895527559908
0.14089531400381805
0.499503564235261
0.3901471251287094
0.10488439169096875
0.0008138163802582365
0.10549799399551141
0.23642332036653402
0.14599881838341777
0.08593009674625396
0.0546541613043694
0.2664516435922819
0.013084005432494106
0.1586306209758055
0.15849927351819493
0.4432936240156131
0.2175562460086653
0.16618852883395085
0.10309737975100153
0.1250336467450428
0.08635496182693081
0.39475235019733335
0.03207237707167154
0.10915951745040298
0.26944731294864455
0.043470930127245344
0.2039707093072125
0.15381415946124743
0.06905715323812811
0.09116195104305969
0.017163127837515058
0.49678696855990556
0.12825507288744364
0.23062044887857347
0.005508187718803681
0.14396549497698174
0.14076646397205894
0.0883901424994864
0.0017510268308407184
0.005917265774213698
0.047365055941268386
0.15564563964283873
0.4663323609996408
0.4356213579621828
0.0015958526351091962
0.0036593804216478176
0.2924348744379708
0.1340200414426702
0.1542764276234263
0.005019481927139635
0.22121423993791134
0.38141800760608735
0.04741396751723004
0.14051266069061152
0.3965109581033057
0.11153403500922932
0.30201142093042543
0.09389003967561771
0.10278988558493429
0.1434808477373013
0.1609701365751397
0.09815006182942465
0.05367203176100177
0.48819972517276544
0.02348675130736866
0.365869804887065
0.016794609387267956
0.12046514736242742
0.023061682023075347
0.15491460397751333
0.03954844001702296
0.12822906871674644
0.3475526871287764
0.025490435017295088
0.19588344672753522
0.13434426439471192
0.4322306151412185
0.6338133858168022
0.02269705392736232
0.1296048195953865
0.07248838463373786
0.04566606246588312
0.18122150115107272
0.10804757000490706
0.27332483753514225
0.2801760997448157
0.023174515314612787
0.34884486678836657
0.20588015512169733
0.05046101781015233
0.1663036170350034
0.31152572482992213
0.005320249927417198
0.03574853051343885
0.4004955976700477
0.5556453756199837
0.21032105984089333
0.10352698180020314
0.08714957901977805
0.17629515710622856
0.03992526096492921
0.04266032118964991
0.459459534911675
0.13473555792603165
0.40983143805200983
0.010387693654927865
0.01956319014784036
0.20759977977363686
0.10464145951378989
0.06651784304721708
0.11175829745065835
0.0683589587368878
0.17137450385701136
0.3110628300419387
0.021780138972389063
0.2334370693741903
0.2416142732005313
0.21719586067121743
0.3415503053955298
0.48401725550083263
0.03571085179103961
0.20428801337322944
0.25920477334009706
0.10693260456879372
0.2987930270341421
0.11695004991578095
0.021597066045108138
0.16272413954361964
0.8175912976299837
0.06584285229246789
0.3402922517799287
0.06176086500470768
0.03502760606639854
0.19197746304999064
0.011229917130713085
0.19412484342915448
0.10594018846456077
0.01171827582858298
0.03582092487021704
0.1794415842240289
0.08344243440663046
0.3169796950319381
0.11250627363270405
0.10511274248920066
0.38779541634205184
0.31979810067822956
0.017537126484751697
0.3114728111561025
0.06054280868460249
0.06983647867132614
0.07042090927795108
0.11419710964475316
0.20225216686734382
0.04349811474446352
0.1656129592385287
0.06776214575373896
0.04317009254326698
0.09926902508737401
0.018076116816114096
0.2486864211557247
0.08095950573876132
0.16652570812400636
0.14123946197623138
0.31479553804104143
0.26646353220061214
0.037015453750431915
0.4464169785238503
0.08496842179347452
0.05217090863218998
0.0355100706235405
0.1750859184972251
0.1460646550810505
0.2786486196559561
0.02696125445667996
0.41162298675191433
0.28492219230851656
0.6614677479056323
0.1769018579303443
0.025047137250340468
0.2877947845824591
0.043022329398544557
0.16777098277354185
0.16068181977251927
0.03723911070361963
0.04927289575237559
0.03957680845236866
0.1928467359912449
0.25591296850562784
0.4292251831943503
0.2794728317895354
0.031111508863055137
0.05268670155563848
0.6314365716947794
0.000656016662483383
0.8354650519164184
0.06590835490693792
0.25594098702621926
0.18378589858120997
0.17053254675849638
0.22455524500894297
0.11727911360604981
0.19269830127801035
0.10989699205162462
0.18709251913199387
0.005364409112784463
0.0576830609990131
0.022586373303519425
0.43781125030686674
0.046456667259734186
0.13460810163934034
0.3239596747382585
0.5776950198938613
0.5648496195355461
0.01099823656309451
0.045495950725950474
0.031086441061040748
0.36264192020733854
0.45160449897932464
0.0008247563770114041
0.4487090138210963
0.4538760577712677
0.0899666256686229
0.04150694037556368
0.1407829575217212
0.39107724609075145
0.515150849321862
0.043625675923425256
0.1410062797816276
0.06234608806537145
0.03303123439709754
0.48379204314581314
0.38768591201606695
0.07212948888160486
0.4834733564282514
0.10680871206889653
0.11735895287141784
0.22029181943266973
0.1788835071883368
0.20100229249430335
0.21944609581911823
0.3469040003072925
0.23678668396637437
0.0194737131009437
0.033522290869191895
0.01961534359745598
0.16514855656644767
0.194067812090569
0.12997712954385676
0.8487472371998281
0.2116618600367821
0.033454448008005455
0.021175813466837834
0.2611179620275419
0.10371541850368104
0.2254561748853834
0.38333259113470364
0.0012174026938953642
0.09707987750648805
0.6303836453115899
0.21170741368156176
0.12022867653765923
0.23178165839185705
0.3384454957591494
0.2756468267066201
0.47619888634693863
0.008402458513047106
0.09951310382750167
0.0009209081714101064
0.06947425222709924
0.08046412829882299
0.061982999706566844
0.7549198886855959
0.5599222263339108
0.1929246814611043
0.36336571162757414
0.4070673972506551
0.3512975926591668
0.1439188836929053
0.3110995868004405
0.013637385553497028
0.24533084961788365
0.34434690678764235
0.02111534482683819
0.32138192512844066
0.8048088741613917
0.17181799488310778
0.13714959130149418
0.07297964188283834
0.48311043851417135
0.4509414694236411
0.14477275564326342
0.5707060528934689
0.1074203909803062
0.12298247242957783
0.28649994033026616
0.0761547413387269
0.4439349613656256
0.2436621884844079
0.15805429645552893
0.10480009082553554
0.11105951882683773
0.09955946467871546
0.3353629762296515
0.8729151868341751
0.1514982955194646
0.03493794539318662
0.20658608073860352
0.15857743084016462
0.1770260057557096
0.486019630200478
0.12281281852655312
0.1331379867788911
0.25272077416883265
0.3607237084847583
0.28905629749988515
0.36781690874174444
0.07784371174175853
0.015866660750888828
0.06451670039481217
0.10291328067317651
0.05264529453267297
0.03764995573265373
0.09535119430253558
0.3476681626005038
0.3149745013743721
0.16061771889827092
0.42059193488872104
0.16884299148236304
0.7626793951211204
0.0542263575096531
0.13959042970683666
0.045947755789673916
0.05941064174011679
0.06122139322319886
0.18500721376092555
0.2892707526296092
0.12080764792211007
0.7211329406446805
0.12847996003918638
0.16814116055425532
0.118655485206002
0.39688933306167895
0.4426839592523002
0.05430510449245096
0.03556165413130041
0.06609211758181144
0.31730476025642673
0.005265567489226575
0.39270797228671883
0.029473856546233135
0.15139744609609607
0.2220963487421519
0.35230355706222216
0.19679375429143553
0.002855897570870347
0.02020355325142731
0.04049015504874198
0.09077394696967156
0.008322712578507918
0.2937436550994299
0.21140448078319696
0.11019171647927406
0.006079000169716631
0.004298965328081383
0.3008234636697298
0.06065849754891528
0.010028658904887244
0.10848322165597457
0.05858671257707071
0.059631724852320156
0.23873870861090474
0.12026142882786095
0.11647067791590149
0.20657015215886054
0.04974650467805808
0.11298683144118482
0.08283451875388703
0.2916509975490389
0.021680486684616973
0.013366144166865102
0.1941387899847571
0.08758406072341485
0.04724792166442304
0.4212427382044759
0.19982534616720926
0.9101927881281011
0.04076995757756641
0.08709185796569541
0.12989236575156649
0.1558551750778463
0.1636784883205824
0.0956227974029773
0.1454773168045138
0.00856431230967769
0.5518090402622684
0.4102114529889027
0.02121517062290046
0.14650297876928553
0.03748602719404159
0.10656416779768163
0.2914535017685005
0.30740445514099246
0.09474404659340285
0.18245144019742332
0.27946809450191745
0.017453426290820362
0.26468321681967133
0.0253461988674204
0.082007184696133
0.062160013106140166
0.34693028186227015
0.0858165495588159
0.06135332457743092
0.0548261332391089
0.2627313316056583
0.023681639417745037
0.18367843215166646
0.14093379428829067
0.052636918152684675
0.11142445978107784
0.2919153264243828
0.08964676704810848
0.07920547085638319
0.035912999939533785
0.27881976540575537
0.19567636622708218
0.010208163620202049
0.9156242342246552
0.004520357944289177
0.03719401863731009
0.23716783315536483
0.5738294318680515
0.20272272055413798
0.04481730458468558
0.02937529229321134
0.14903231776933223
0.4428550977691246
0.04102373545553051
0.36460933335835244
0.11131912369926633
0.09540504481100975
0.5696431806199389
0.6844295688651421
0.4482467703893487
0.15500049925079185
0.49089408292903736
0.08576514247403888
0.12888535693548664
0.3080342289255864
0.22424096720436015
0.12963534241269747
0.10262033419559691
0.026624622399344267
0.03433372231859866
0.19441168455947722
0.12431109470786761
0.0638831899887462
0.012740582809002365
0.3899662650270861
0.16495609631157993
0.5815470835199654
0.21028108063798512
0.11931096778009742
0.11205341786543421
0.20539975209547312
0.34175328633740665
0.07556017677412763
0.049725439859423126
0.25022661244598843
0.0497381157022323
0.03350145641210123
0.17501673511304117
0.2572665671869878
0.18865707095011852
0.11241311089180472
0.341300309570437
0.1315776848359218
0.07801094533455788
0.1490553079936645
0.0465141021631581
0.03542225409921551
0.18453404287003594
0.7375542925350898
0.15489408814675643
0.012930525401261717
0.075604746095707
0.4445761953135199
0.14499042572504317
0.3459177945865495
0.29722967397081
0.05885271415918725
0.1070795685324697
0.038769440785240805
0.15133826509528103
0.05476437274209234
0.07856907875336838
0.2679737398251596
0.06733272868134943
0.04247762672690558
0.07850468834162783
0.021961285634030325
0.1436828269474537
0.04334538962160961
0.07534979696990862
0.12223501066798437
0.33987680039885104
0.20834715956205918
0.008120564088239357
0.38471606726990437
0.13348737165430635
0.019728713722014568
0.2915367362624004
0.01829343128934835
0.19820208078727197
0.2045131572753609
0.6158737547273525
0.1706357154421958
0.4470124826178199
0.053938409789227926
0.041480386594265894
0.9594329839023132
0.27316559100128646
0.0732870351149899
0.0200011000313447
0.2813287555482573
0.23101453622359913
0.3081644493559055
0.05397643562825305
0.22256061606856625
0.7413171753993517
0.006206477738098348
0.13121054895833772
0.13642697996464204
0.004946687435410491
0.321817742139618
0.03431953406702393
0.29532526237468115
0.17424797025017158
0.10700154480398671
0.08636217815904024
0.2727581898591547
0.124352876925373
0.41444432021851174
0.16784676892052097
0.5530868632912367
0.33835290296768705
0.8835371134669225
0.18414823154374815
0.11051225588163605
0.09730698844283991
0.1981549804962064
0.22352678276219518
0.19519765859966398
0.2221831667778844
0.11193778897434514
0.07173700443281428
0.10549756564167545
0.11286041254121937
0.0044828278880701955
0.8835694539684023
0.47490595287966
0.11999089119776052
0.08888675858334794
0.177745955217548
0.04807320348403832
0.45159164045179745
0.3239126023611505
0.13814627135588675
0.18038789444925274
0.012550474549268609
0.8167538640403909
0.4455436879608199
0.011603177382452312
0.008836917649288845
0.3128939924822798
0.16272108341512204
0.12446231841909916
0.08127213882766005
0.08756805411734048
0.008328319924443717
0.3596923727380712
0.1416749805290436
0.21549546595043534
0.07384777863960612
0.06417695919894939
0.02430859095487592
0.08057162314397703
0.18882297371149614
0.04801061110315086
0.44498168600586996
0.06974331414392876
0.18643291924162386
0.05710431553364992
0.2725881517700661
0.09521067100690428
0.058096348761292216
0.06319837412393992
0.10999927567926915
0.062136844229489174
0.16575305059071455
0.07332147685001744
0.40825882252239354
0.3727501735936054
0.13372558734698714
0.029360801143070825
0.03169634622655515
0.002679236749915992
0.5032769987067027
0.6540693471530246
0.3253225281884866
0.3645970765560398
0.11707547504860827
0.2604348921497681
0.2239122008764074
0.2661894898802044
0.1443357276558157
0.32452894458958625
0.4845857549349226
0.18932977503717807
0.27825723601571917
0.4882975701611991
0.4872735443418721
0.5319424534906694
0.16307652925122285
0.2104041901652176
0.3544108945896143
0.06623669551409961
0.21590005972218407
0.3229432030285333
0.2581948249174999
0.31370120686165004
0.1082581874076991
0.7547314006974299
0.08547026917988876
0.08552489765208038
0.10800643213002936
0.196406926355994
0.3997688295025996
0.25265929763961026
0.2978177055503506
0.22859750173700988
0.037189270352087966
0.008582713601056113
0.21622539033344657
0.02940541043208289
0.3190444051232735
0.23504148099329147
0.2128161400760029
0.6476804926284399
0.03679234705823742
0.1774487306142818
0.12718620462530117
0.025719967339287164
0.1440039021127808
0.22823512037991067
0.018741174343907874
0.15347986487111287
0.005448047959940583
0.044464641820423756
0.2446492460914489
0.18732381380804664
0.0678141410901798
0.2724908093085372
0.01230297081290277
0.17999637611357566
0.15067694768755824
0.09152669666688662
0.1457569601786337
0.23760453965494577
0.386425700307256
0.08602906965729007
0.008541237950909997
0.07454410733095984
0.2045487084518156
0.006442796971804832
0.2615717174870933
0.08174026907285192
0.20713160196986524
0.34313728430244383
0.12011052052956206
0.02009287064128995
0.286741034259719
0.20826341915865054
0.41783366286599133
0.2977307786947494
0.18155575939438617
0.01694611713033689
0.1563807842410374
0.21525192839772478
0.46088486565139997
0.38839361224700464
0.4478364936308694
0.4212416075212002
0.3314681667726529
0.08395666336626206
0.022262082642763303
0.04703049909358592
0.1452083378033331
0.25248747034872565
0.10254387785473895
0.012429165239278284
0.26388585943719356
0.13677690658915864
0.14537362803288345
0.03542812535430073
0.13176337793745652
0.2327006398730136
0.2567738766175409
0.0739171604790243
0.7003968152995392
0.039820671143033115
0.37130017028960016
0.15299056016793044
0.09481583447878239
0.1182444684022872
0.06984522867260434
0.05963244118129918
0.21835795144199777
0.06453115695218781
0.05703710624511893
0.12881156152605766
0.7515050863099704
0.3352420415746582
0.08048801681529061
0.02913535476870277
0.09028839733401339
0.31351248766642814
0.09588258601886213
0.22120870706330464
0.03545396464551942
0.010588381676468472
0.510113391602413
0.6460905973594719
0.23885045949004335
0.04567649197234558
0.04435407294621596
0.24441409540786285
0.035850024539351155
0.08349428783571389
0.2511262715335385
0.14053682129310197
0.147852522787965
0.05050376791654276
0.0638829375903287
0.20848750901771096
0.46265170433244696
0.0439109852459274
0.017064136471886204
0.08005803182155735
0.030793716644232694
0.022640613214434557
0.08147856348310212
0.19613608299789043
0.06902877599635637
0.296811220305363
0.15757925872666734
0.12672493765905846
0.327469996148706
0.22169406186244123
0.4310184601222309
0.10641663143248747
0.0912526317848481
0.06069870413538592
0.1845171865519497
0.6997941267684797
0.6437270809171962
0.527048949603794
0.46366103244611345
0.008007848223388292
0.628398526685451
0.14477419344163178
0.03621166268905274
0.17719002141506857
0.26537255346232036
0.09106371923040846
0.33766234288487684
0.04663383223859641
0.019010254844245678
0.08315236158828831
0.181756914855415
0.5440162370101773
0.26385870482331253
0.07829097380180983
0.5364401545021182
0.3458612761597477
0.34456630881772043
0.716918433279633
0.30211699127145075
0.08591487777822926
0.26051212355701603
0.1342514688743266
0.02484913017711765
0.3818071836321548
0.709683030752118
0.04468048184406603
0.15331162980244195
0.47932344873984434
0.7624829059540714
0.3278886359589357
0.13316633946366085
0.039006964404721955
0.06988173963838062
0.08957777075140694
0.04697891222973505
0.1522122481787047
0.11478095551879108
0.04701093968804004
0.12765437889891795
0.057429863908060375
0.2573468732014714
0.05378923387215839
0.12185833862824103
0.21695055722177914
0.7679648697485062
0.043607434717204185
0.16692515629900595
0.41597311671806625
0.23717166353078345
0.27428623904012683
0.10303958596003437
0.014865210407422724
0.0777404614607271
0.031610549766378115
0.28654107016235075
0.0390655878875783
0.07024174740168232
0.0026398130236278128
0.01579324749801536
0.09172569341931891
0.956787795301155
0.14257699812118174
0.2793634477753859
0.3240174230819204
0.5407334625021605
0.3750877123555183
0.08793654725275557
0.19930974258457979
0.1415359797278879
0.058430171998853364
0.39692702076111774
0.2282333379264374
0.02429680721223204
0.4189041001491134
0.0080475735590535
0.14018182073837093
0.005940979506894761
0.10978404223230953
0.0267389833108862
0.23576587271027272
0.36873372180671926
0.9823418949466869
0.2663646368358945
0.10019534070866487
0.01299859467335529
0.43065965503964576
0.03235914206296164
0.14046216824561508
0.6211962734336607
0.28400105604060255
0.2537312015331785
0.12959155466605798
0.18497380929062635
0.005390915539481789
0.15184060071021066
0.24987464744932852
0.300790882248688
0.03353395970778794
0.07634303884425209
0.24071507920795532
0.19589857812078604
0.7579886223311894
0.23376566430011292
0.7738098790730139
0.0794418641962289
0.11320944817481893
0.3781060500510405
0.3029248839309522
0.17065122815976497
0.016472450753251433
0.11935713790419511
0.11881864943080744
0.026924473860634013
0.2716239522927393
0.14443528924748072
0.23655227105797594
0.4154889661663783
0.6296615843591111
0.12616943488076426
0.031811302375728934
0.02351727707664253
0.2407826988673707
0.001679997395889199
0.050442869809654844
0.0014194303121719543
0.19253727872944637
0.1460114743964669
0.0586900040192202
0.002684657413399405
0.036664791175734956
0.8144050758107146
0.11307814522168869
0.2819979768373684
0.46065536879713176
0.1262349218400527
0.17070489739906236
0.07635678786882405
0.21424877305748713
0.6074522409665994
0.49596651778249523
0.3438336604069949
0.26936845665505293
0.11799142122966377
0.15180598220207786
0.02136465772341012
0.40843022459542766
0.15287000584442167
0.028750729203941727
0.19311777454802703
0.5552162623947907
0.08984177612460109
0.20349658393296588
0.603825156051752
0.015297335967830339
0.2050920534695384
0.2589931950854234
0.08495911798913447
0.0775241080876834
0.5102839921509212
0.09626195116615799
0.3111025640500096
0.13986055659227303
0.026736306843065716
0.41399265264129204
0.40537333344764037
0.38082668569294253
0.315988185767603
0.059911573036885324
0.0709391948272533
0.17662978187044276
0.016648191296038783
0.2950374378830103
0.35193387145759414
0.032813923776355614
0.5646827319801502
0.1373371611949834
0.4283144238832495
0.39279652018438815
0.2029039407826485
0.032885801017596084
0.2114494730690053
0.5810514128840223
0.06483719994989845
0.31680098732836437
0.15729821665963395
0.04619638564310535
0.038379048456228526
0.3004345688784702
0.27072910512728665
0.1152494859702855
0.41145083462263776
0.043953215490112774
0.17512978860141004
0.061402730974385644
0.29589901996311396
0.5227243245734319
0.41633450242405745
0.025332819103521365
0.24278736041882354
0.163280867381155
0.008159980673993816
0.2555287767538603
0.027524709364576294
0.1435224942368707
0.2661289670652618
0.11321032413753351
0.16991654457052197
0.09600312973248215
0.14462967563723295
0.18976992896192146
0.07001637106480119
0.18288156112331255
0.2671428816999002
0.20813514694063562
0.26408858478735686
0.07512641597835534
0.19937657649558815
0.09520513901038274
0.0039119763366257665
0.7102520487835606
0.28552613781275094
0.06470643939960752
0.19485841844604712
0.15129443870734405
0.003280066026541073
0.42433472124999105
0.11389429002665574
0.14574937308397895
0.08722020981850243
0.25353709412576886
0.2048225341414205
0.18871157169121022
0.4098635083265121
0.2965546917550792
0.058163071702418856
0.11271426007579843
0.06268907191217821
0.09376145122070989
0.3863779045925462
0.07250099385310804
0.09133510829846458
0.120346487338993
0.05328199781984133
0.20079806190453064
0.1722760488319628
0.2778018982401107
0.0706711146780079
0.055255132919692196
0.03201959953164857
0.03235127379299785
0.07418329661795875
0.08268319484866571
0.04017749358038514
0.37592401040629464
0.09588709898894932
0.2654464836787591
0.005060137929056685
0.32895399227998
0.02812414161250376
0.006034798420533338
0.024067192598818288
0.3661072040323081
0.11189376240278115
0.02443918797566602
0.03154795257232901
0.1699773407422971
0.10744246288650872
0.2193789866802467
0.1357360157553562
0.014119513295568487
0.04012770996227322
0.20279263387606927
0.010138211072064696
0.4913583841443505
0.13085426120716748
0.029737753757548724
0.2496312127401643
0.07094072503878301
0.11026801336374392
0.07440733030845093
0.0784983690040324
0.1388805553982735
0.06684603629826391
0.08353290203738095
0.26484558319080964
0.10006395133149604
0.013353266460930824
0.018597202954499403
0.17882127534999115
0.453340084059209
0.15736602796813703
0.24702529804978224
0.428403722554038
0.035124446215252236
0.40649949672644725
0.06116811565301372
0.09402003801823988
0.19839914966657624
0.022393961411226293
0.41763200326181615
0.2859252266370189
0.023962114167273674
0.13792824841773577
0.053853570354385205
0.07349795641926615
0.2753407017421403
0.49989618404100056
0.13443958156329505
0.05280448823410144
0.3883265531116076
0.11305529885574139
0.3467751509793138
0.08332219055964152
0.04929734483475823
0.03224161143303683
0.037570439954564216
0.053987513849042656
0.326884753491848
0.013454586507739341
0.05905992192188503
0.5557626692640136
0.09518111431640608
0.7256150984532108
0.06858785847414417
0.09073766086527613
0.2815268080484141
0.2888440291881218
0.3161210861960633
0.18779196861751069
0.21825402604025568
0.14695425256691563
0.12765303453526777
0.718672018779619
0.061169669459814724
0.219204686126383
0.03506606216763797
0.0769891592526053
0.08069457756527387
0.111379940570983
0.3294210158433961